307
986
100
353
212
179
434
906
390
203
217
297
621
326
12
798
926
506
897
877
174
577
895
713
452
313
442
432
397
283
829
793
471
73
855
852
111
827
90
841
839
44
719
219
642
192
878
518
778
24
333
567
644
762
734
563
602
707
710
643
730
238
819
110
540
290
374
999
562
174
593
96
195
792
547
808
137
615
753
849
556
557
511
445
301
217
800
770
648
60
315
267
228
387
470
490
436
68
623
315
659
124
728
514
740
872
691
351
504
51
391
656
556
711
569
224
273
448
774
255
93
589
32
331
475
936
47
565
63
656
210
630
332
781
303
788
969
60
15
912
977
227
565
498
522
680
352
623
56
693
359
98
123
862
581
168
351
366
374
592
3
727
688
91
876
520
917
384
522
252
24
332
154
609
382
400
414
542
815
211
211
464
52
537
441
335
556
428
872
125
762
290
57
998
177
383
650
454
195
621
559
928
397
65
165
859
896
8
872
962
316
794
896
707
837
510
895
583
186
70
350
396
84
540
777
616
508
740
80
663
16
516
456
223
224
578
809
218
491
437
288
795
623
30
336
173
489
416
317
768
650
598
466
869
931
916
627
76
922
241
189
499
517
316
501
394
694
412
110
822
272
956
735
179
145
887
124
813
809
512
755
936
690
829
730
502
224
156
288
225
226
743
137
50
929
357
734
514
945
889
532
382
439
303
803
672
698
875
914
316
852
52
473
24
530
122
952
920
370
460
190
800
477
877
844
907
669
511
643
76
985
176
67
812
143
605
694
187
737
52
196
410
235
686
952
552
499
917
842
91
570
418
679
657
299
891
598
864
713
739
164
931
462
218
307
758
329
686
430
988
127
786
56
22
293
758
350
927
101
663
874
878
280
88
81
468
259
273
55
751
596
464
986
278
966
502
444
141
268
299
413
227
603
755
648
586
459
2
812
911
943
887
423
955
747
150
174
329
565
128
399
601
343
806
939
204
428
364
966
81
417
891
793
407
846
185
259
500
117
157
931
382
578
965
392
960
243
282
485
455
66
335
183
718
233
46
144
614
486
380
730
738
327
302
404
922
871
843
705
973
210
812
281
109
429
746
591
502
529
558
453
880
250
551
789
909
339
159
866
372
117
743
190
239
807
68
597
514
407
578
169
645
938
793
888
676
97
692
819
997
461
977
504
58
548
46
434
183
292
513
120
622
240
420
99
449
153
422
868
48
54
781
669
660
62
82
990
859
285
46
316
293
78
468
509
262
729
102
935
53
677
709
369
396
415
923
810
737
452
524
465
740
283
156
284
434
830
826
509
249
874
125
82
741
749
654
324
419
505
311
170
69
638
506
527
149
844
613
41
973
120
692
84
693
511
951
462
814
513
398
116
560
152
27
253
199
866
319
485
811
458
343
389
447
878
56
257
618
597
89
578
461
759
944
869
133
25
959
483
225
176
800
931
390
46
159
493
25
844
711
512
68
583
880
367
213
54
744
134
731
226
567
500
83
294
223
948
634
754
819
692
987
139
727
521
924
125
242
602
548
819
703
141
479
46
218
783
358
917
113
952
232
84
40
22
149
912
865
665
125
569
412
263
764
513
340
672
1
364
74
444
832
25
166
20
684
352
891
615
609
404
867
22
753
234
811
194
12
587
207
44
958
447
465
509
116
898
190
151
47
612
697
484
212
947
597
86
139
716
53
438
431
82
942
800
45
614
960
127
456
551
976
93
301
771
18
270
410
991
525
406
140
660
999
248
762
795
419
185
260
459
95
892
792
936
899
726
981
565
183
533
305
829
293
269
441
567
655
987
984
904
985
869
177
173
946
634
520
873
288
382
742
308
794
985
163
813
993
689
786
609
417
956
119
165
44
242
323
32
737
234
908
380
211
653
478
223
980
600
31
205
252
190
474
936
397
789
754
514
177
327
569
834
677
540
425
398
207
902
707
8
471
349
527
116
466
620
411
985
693
940
343
606
520
871
624
582
768
208
739
167
329
961
261
576
60
493
25
89
758
351
9
207
841
34
384
368
479
315
304
115
683
276
240
452
763
603
88
199
779
514
567
155
491
359
749
737
437
623
917
357
63
375
229
516
144
363
297
878
368
498
996
607
560
602
241
72
349
80
274
843
919
43
654
351
631
274
432
168
224
802
910
579
188
508
791
464
986
703
816
721
951
914
521
626
84
973
603
122
502
144
13
281
147
195
688
954
179
672
671
355
685
270
243
386
357
736
166
987
522
254
230
919
740
217
29
215
253
508
854
513
215
386
490
618
807
739
557
421
729
